,Companies,Annual % returns,Annual % volatility,Cluster
0,ADANIPORTS,7.12004698251904,30.906499397861417,1
1,ASIANPAINT,10.12485033932951,20.919339154597132,1
2,BPCL,-25.03643186577684,43.57326913943593,0
3,GAIL,-5.255090331466202,33.808128039061934,0
4,ITC,6.401436738684057,22.36362835395958,1
5,IOC,-39.63857543056539,49.900680433732994,3
6,INFRATEL,-12.418651088299297,30.57124746900802,0
7,HINDALCO,4.933316414764509,33.52289502614842,1
8,MARUTI,1.0195035509752408,22.50294299095487,1
9,TCS,8.046955952490926,43.0949399356011,1
10,AJANTPHARM,-17.38913852221259,33.18342455257983,0
11,APOLLOTYRE,-6.430261138823607,31.012956169177755,0
12,BERGEPAINT,10.893463488238023,26.73962348913112,1
13,CASTROLIND,-43.455744584736706,44.601281189820554,3
14,NBCC,-51.51760133701396,50.815626117984294,3
15,MRPL,-32.295702537440796,36.55265690482999,0
16,JUBLFOOD,26.751441266829488,50.049531520744544,1
17,GODREJIND,-9.02500738644092,26.637939531295483,0
18,TATAPOWER,-9.09497443251133,30.79839352968313,0
19,VOLTAS,19.103016331443797,30.803360319039236,1
20,ASHOKA,-20.850852432088427,44.25249545818432,0
21,FORTIS,-13.729708971270046,42.10554043451233,0
22,LAXMIMACH,11.888306146102474,26.70566589975081,1
23,JETAIRWAYS,-48.10188004468463,62.42196353244001,3
24,SUZLON,-46.81516638608507,59.29539345455785,3
25,RCOM,-88.17286291308469,98.43662692353006,2
26,PVR,10.853007666913385,30.9876023001755,1
27,LUXIND,25.516083222240933,33.50688003135235,1
28,VIPIND,47.9663967842342,43.163067235350724,1
29,JKLAKSHMI,-16.88651045950256,27.93843015350671,0
